{
  "metric": "euclidean",
  "sample_ids": [
    "S1",
    "S2",
    "S3",
    "S4",
    "S5",
    "S6"
  ],
  "matrix": [
    [
      0,
      0.7,
      1.4,
      5.5,
      5.9,
      6.1
    ],
    [
      0.7,
      0,
      1.1,
      5.0,
      5.3,
      5.5
    ],
    [
      1.4,
      1.1,
      0,
      4.7,
      4.9,
      5.2
    ],
    [
      5.5,
      5.0,
      4.7,
      0,
      0.9,
      1.3
    ],
    [
      5.9,
      5.3,
      4.9,
      0.9,
      0,
      1.1
    ],
    [
      6.1,
      5.5,
      5.2,
      1.3,
      1.1,
      0
    ]
  ]
}
